17
130
116
169
168
214
4
88
48
184
164
180
78
163
110
68
189
69
11
45
94
117
73
185
216
50
29
191
18
188
144
71
138
196
173
12
60
76
103
34
147
141
213
170
39
182
31
217
47
195
223
159
26
8
133
19
33
25
172
84
160
157
148
155
152
201
72
219
5
109
100
129
55
52
89
202
24
125
1
203
53
132
35
16
30
97
208
40
111
175
58
194
224
112
85
43
41
98
23
61
229
181
32
165
142
161
44
9
46
145
99
74
113
220
38
215
108
90
210
104
62
86
83
228
49
80
37
150
192
128
176
49
139
204
66
57
67
158
105
200
96
193
121
119
13
136
205
140
14
20
183
209
120
186
207
212
166
221
51
122
197
123
124
59
2
92
153
28
135
102
22
82
137
0
179
91
54
93
187
56
146
227
42
178
15
107
114
127
154
