4
117
17
119
1
18
48
102
169
197
185
76
88
40
111
9
132
47
12
72
180
214
103
209
24
60
29
130
158
91
189
73
100
45
125
13
184
191
97
196
176
141
56
186
107
105
163
178
50
116
96
168
110
93
8
164
161
14
133
68
69
221
224
2
34
166
217
150
207
94
210
92
11
219
183
89
202
216
109
51
39
215
15
32
195
144
208
135
42
123
173
152
181
128
108
194
140
188
136
220
67
86
182
71
112
122
203
25
227
44
30
120
35
223
159
190
154
200
179
84
98
41
5
193
26
58
145
114
129
124
82
99
0
138
23
38
16
153
104
175
192
204
121
31
46
137
157
53
37
57
20
187
213
49
201
33
19
147
78
113
52
205
228
85
59
49
229
146
62
80
160
170
55
61
90
7
74
127
83
28
