40
217
90
169
100
34
189
26
73
69
178
216
129
92
97
191
199
91
11
188
224
56
202
163
122
195
214
62
152
8
154
215
141
103
93
161
223
48
39
15
41
2
18
107
68
96
12
168
159
220
164
160
76
183
29
144
166
180
17
153
87
197
114
135
50
88
94
55
147
184
13
210
150
165
89
46
136
185
108
192
111
200
24
53
14
102
45
109
60
72
228
74
208
219
44
98
104
193
80
49
9
157
229
137
22
23
86
110
57
106
33
227
132
119
5
130
201
47
99
1
116
179
145
28
158
140
133
128
213
143
125
117
203
121
79
71
194
138
120
142
167
16
218
32
10
82
127
67
0
118
70
25
84
112
21
85
36
30
77
156
170
124
58
146
19
59
51
123
61
173
187
20
7
65
204
31
113
182
75
211
205
38
172
78
37
3
175
176
52
186
198
207
174
42
83
105
134
64
148
