217
40
63
100
73
216
90
69
97
34
189
169
26
11
191
91
129
141
196
178
209
199
92
163
195
202
18
147
12
94
96
8
161
152
56
215
87
224
50
183
122
15
188
154
68
41
168
39
48
164
160
76
144
93
103
88
166
2
214
135
107
184
104
62
165
55
192
53
80
137
117
29
74
201
5
153
98
157
197
220
44
111
17
45
118
116
219
180
185
223
210
49
102
13
159
33
23
14
213
110
114
60
193
227
140
57
32
86
47
228
179
89
158
208
24
109
0
25
124
71
72
99
1
136
125
30
128
20
138
132
9
82
229
119
203
120
145
28
58
130
167
38
170
146
85
108
200
106
121
123
205
127
133
67
16
187
61
182
84
194
190
31
113
51
54
10
22
112
37
59
19
173
204
7
181
177
186
78
42
172
221
176
175
52
207
66
155
126
105
139
212
