217
40
100
73
69
216
97
90
34
26
191
11
189
141
129
195
178
169
18
196
152
12
209
50
68
91
8
76
199
164
96
188
163
202
94
41
48
215
223
92
144
87
93
88
160
168
39
224
183
107
46
2
122
154
161
15
166
184
214
5
56
103
55
117
135
45
17
153
220
185
29
219
114
180
116
104
23
118
147
192
157
62
53
111
110
13
89
60
165
74
137
102
80
44
193
201
24
47
98
208
140
57
25
14
159
33
228
86
210
125
32
72
99
213
138
179
145
158
229
1
227
119
49
150
109
58
71
124
128
130
136
156
30
132
9
167
200
108
203
59
0
70
170
4
146
133
85
77
82
205
67
28
106
20
16
121
120
127
218
38
61
79
112
197
65
143
115
95
21
123
84
131
36
101
51
10
22
182
177
113
31
181
81
194
19
75
190
35
186
173
172
222
54
27
7
78
187
151
3
176
37
211
83
175
66
221
105
204
42
52
207
155
126
6
43
174
64
139
212
134
148
171
149
162
206
225
