40
90
217
154
63
92
91
129
202
26
15
209
224
169
220
97
191
56
93
0
168
69
160
11
100
8
137
214
103
210
193
188
161
178
76
55
135
150
197
13
140
39
41
120
223
108
34
46
189
200
144
227
73
2
192
164
141
114
50
72
199
122
124
32
80
96
1
109
53
23
147
62
9
219
130
187
145
201
229
88
195
228
84
159
119
179
136
12
17
111
104
29
44
146
190
85
163
102
82
180
216
215
86
152
184
5
132
121
98
68
196
153
194
30
61
47
57
127
54
74
157
22
48
38
182
33
83
99
45
156
18
20
31
165
59
128
213
166
49
107
143
170
138
205
208
185
16
204
116
14
60
67
71
19
35
125
24
112
113
173
133
25
167
78
110
203
28
37
51
70
87
175
172
181
79
7
42
151
218
