87
100
183
97
191
196
11
89
96
189
195
69
125
34
152
76
94
117
141
144
164
4
68
18
12
73
185
216
63
47
50
115
44
39
48
16
111
217
46
60
163
45
157
209
215
219
153
184
24
14
41
7
202
55
133
192
2
88
40
8
92
135
160
122
173
168
180
26
28
116
119
107
224
110
86
129
178
9
29
128
17
172
19
99
102
145
80
159
53
126
156
203
155
72
208
181
103
176
57
13
35
186
114
78
169
175
15
223
214
56
130
197
194
22
91
220
108
23
161
200
207
93
140
221
84
132
32
90
25
54
170
105
210
66
179
109
67
154
137
120
51
62
71
227
59
193
201
127
0
167
158
42
188
74
121
85
113
228
138
104
213
146
204
20
30
31
82
229
5
205
49
136
61
33
124
58
83
190
98
147
182
38
112
37
