166
125
178
16
78
89
14
105
215
195
152
68
183
56
96
156
60
196
117
181
69
153
47
50
116
73
214
34
191
18
132
17
163
107
110
48
184
12
185
164
159
216
103
8
169
217
114
45
219
26
203
11
29
97
58
93
144
102
23
189
94
92
130
111
140
25
209
88
138
13
188
109
197
119
168
223
129
227
71
9
24
46
202
72
59
122
40
210
41
135
5
213
19
160
90
76
200
104
112
154
37
62
170
180
49
228
157
42
192
2
208
22
61
55
201
113
108
127
121
147
193
82
141
124
74
194
220
136
98
137
0
1
30
229
182
91
31
51
205
179
35
86
38
33
53
120
146
84
20
39
85
99
204
224
100
67
83
145
128
54
57
158
32
44
28
186
15
80
161
207
221
176
