40
73
94
169
189
178
141
215
97
199
26
100
196
183
202
63
166
122
107
165
152
92
93
91
50
103
195
223
5
48
153
11
158
114
13
147
88
39
160
115
18
224
58
184
210
28
98
132
71
167
25
185
177
159
118
74
228
194
14
38
219
65
64
61
55
186
83
151
206
171
148
139
134
220
225
155
174
105
43
6
30
126
212
52
66
33
42
3
172
221
204
173
49
136
175
37
78
84
207
176
31
7
82
77
163
131
19
127
59
22
208
36
54
181
35
211
218
112
20
182
150
120
124
10
121
21
70
205
51
146
16
113
89
8
170
9
67
4
60
23
144
213
79
229
123
200
188
17
138
119
203
143
133
128
130
68
108
125
85
187
190
179
86
75
110
106
145
109
1
201
197
32
117
116
227
29
24
72
99
226
180
57
193
47
44
137
157
96
15
12
0
80
214
46
53
45
104
192
140
102
34
129
164
41
168
62
111
2
135
76
154
56
161
191
209
87
69
90
216
217
