139
43
155
126
212
148
207
176
105
66
107
217
102
178
166
114
209
56
111
215
203
144
93
67
14
34
11
125
129
188
8
39
52
219
197
216
53
2
153
194
88
116
135
96
48
92
44
4
223
94
221
29
76
99
46
57
17
45
19
214
191
145
175
110
133
152
16
163
169
172
157
85
117
186
168
119
41
73
68
18
26
89
47
1
72
69
180
86
78
158
60
80
103
164
132
195
184
141
159
84
185
9
23
12
13
97
55
160
173
50
196
7
25
130
208
210
24
138
227
108
112
220
61
122
229
71
200
28
181
51
127
198
35
33
74
128
204
98
202
113
20
167
83
147
179
182
123
124
154
205
201
187
5
228
58
42
82
37
136
104
91
150
49
193
190
22
161
40
183
38
121
170
30
146
0
31
120
109
213
192
59
189
62
100
140
32
90
54
15
224
