177
131
144
217
89
115
68
11
28
196
34
79
117
97
100
191
125
163
73
12
60
185
48
152
47
18
164
141
76
114
195
69
107
189
216
116
168
94
50
122
14
166
184
96
29
45
16
169
17
197
26
110
88
194
180
199
133
8
129
208
72
219
24
103
215
153
39
7
202
44
172
108
214
178
175
130
119
128
67
40
92
25
207
188
118
157
183
9
1
173
52
139
209
53
106
105
223
55
2
19
13
102
78
111
41
80
56
210
138
93
135
35
159
84
87
61
91
203
145
160
176
23
132
192
104
99
147
229
22
221
0
179
156
46
98
57
200
161
220
66
227
42
83
5
74
123
51
120
167
193
205
49
20
224
228
90
181
32
109
137
86
154
30
33
71
136
113
58
158
213
124
59
150
127
62
121
85
201
204
146
31
182
38
82
140
170
37
112
15
187
186
198
