196
11
89
87
117
18
144
100
34
94
69
216
183
191
12
97
125
189
152
199
166
217
50
96
68
185
107
164
195
184
76
215
73
141
14
45
47
60
133
163
181
116
10
40
128
48
16
203
207
168
39
29
88
178
208
1
153
28
173
110
176
157
24
78
111
44
219
102
180
57
129
52
122
123
114
9
192
17
93
210
7
99
103
209
188
55
67
221
71
130
58
175
138
41
186
92
72
13
26
160
56
25
135
159
23
84
169
224
104
202
2
19
8
90
145
15
161
132
54
108
158
32
109
91
59
229
154
74
42
179
200
194
137
198
140
227
5
62
201
170
147
214
51
33
127
167
197
20
113
82
228
124
204
83
0
120
213
30
205
121
146
38
112
49
136
182
31
37
193
85
